"Adipose - Subcutaneous" "Adipose - Visceral (Omentum)" "Adrenal Gland" "Artery - Aorta" "Artery - Coronary" "Artery - Tibial" "Bladder" "Brain - Amygdala" "Brain - Anterior cingulate cortex (BA24)" "Brain - Caudate (basal ganglia)" "Brain - Cerebellar Hemisphere" "Brain - Cerebellum" "Brain - Cortex" "Brain - Frontal Cortex (BA9)" "Brain - Hippocampus" "Brain - Hypothalamus" "Brain - Nucleus accumbens (basal ganglia)" "Brain - Putamen (basal ganglia)" "Brain - Spinal cord (cervical c-1)" "Brain - Substantia nigra" "Breast - Mammary Tissue" "Cells - EBV-transformed lymphocytes" "Cells - Transformed fibroblasts" "Cervix - Ectocervix" "Cervix - Endocervix" "Colon - Sigmoid" "Colon - Transverse" "Esophagus - Gastroesophageal Junction" "Esophagus - Mucosa" "Esophagus - Muscularis" "Fallopian Tube" "Heart - Atrial Appendage" "Heart - Left Ventricle" "Kidney - Cortex" "Liver" "Lung" "Minor Salivary Gland" "Muscle - Skeletal" "Nerve - Tibial" "Ovary" "Pancreas" "Pituitary" "Prostate" "Skin - Not Sun Exposed (Suprapubic)" "Skin - Sun Exposed (Lower leg)" "Small Intestine - Terminal Ileum" "Spleen" "Stomach" "Testis" "Thyroid" "Uterus" "Vagina" "Whole Blood"
"Adipose - Subcutaneous" 0 0.2956 0.007 0.1506 0.0252 0.2292 0 0.0126 0.0314 0.0116 0.0104 0 0.0398 0.012 0.0166 0.0106 0.0076 0.016 0.0088 0.0044 0.307 0.0022 0.0032 0 0 0.1302 0.009 0.1344 0.0238 0.0774 0 0.2008 0.0796 0.0972 0.034 0.0592 0.3204 0.2496 0.5304 0.047 0.01 0.0256 0.009 0.113 0.2504 0.0078 0.0136 0.01 0.0094 0.1622 0.032 0.0116 0.043
"Adipose - Visceral (Omentum)" 0.2956 0 0.0086 0.1188 0.1798 0.1396 0 0.178 0.0076 0.168 0.0134 0 0.0154 0.014 0.0114 0.007 0.014 0.0994 0.0112 0.0744 0.2788 0.0014 0.0038 0 0 0.2532 0.0488 0.1946 0.116 0.1606 0 0.3898 0.3672 0.1502 0.1506 0.2276 0.0596 0.1454 0.2122 0.0956 0.0752 0.0612 0.0168 0.142 0.0858 0.0084 0.0524 0.0256 0.0084 0.31 0.5228 0.0206 0.0844
"Adrenal Gland" 0.007 0.0086 0 0.631 0.0126 0.0086 0 0 0 0 0 0.0064 0.2994 0 0 0 0 0 0 0 0.144 0.0024 0.021 0 0 0.0498 0.2072 0.1942 0.2538 0.3862 0 0.1642 0.1266 0.333 0.4396 0.0966 0.237 0.0054 0.005 0.0678 0.1644 0 0.3876 0.0056 0.0034 0.0032 0.132 0.1134 0.422 0.0648 0.219 0.1168 0.0142
"Artery - Aorta" 0.1506 0.1188 0.631 0 0.8488 0.1584 0 0.0072 0.011 0.0156 0.0066 0.0142 0.0216 0.0082 0.053 0.0078 0.0046 0.014 0.0784 0.0054 0.1132 0.0034 0.2076 0 0 0.1368 0.2078 0.5466 0.4388 0.7298 0 0.1814 0.151 0.0238 0.4574 0.18 0.0084 0.0326 0.094 0.4222 0.3552 0.089 0.3282 0.0602 0.022 0.0628 0.0704 0.5156 0.317 0.28 0.2786 0.1748 0.064
"Artery - Coronary" 0.0252 0.1798 0.0126 0.8488 0 0.077 0 0 0.0248 0.0096 0.0034 0.0036 0.004 0.0046 0.003 0.0088 0.0038 0.0424 0.0014 0.0092 0.0848 0.0022 0.0048 0 0 0.0508 0.1456 0.1566 0.291 0.2076 0 0.2814 0.0414 0.113 0.3312 0.3276 0.005 0.0222 0.2108 0.113 0.0206 0.0032 0.0378 0.0638 0.015 0.0056 0.0186 0.0254 0.2628 0.064 0.1812 0.0458 0.0296
"Artery - Tibial" 0.2292 0.1396 0.0086 0.1584 0.077 0 0 0.3784 0.0076 0.0668 0.0174 0.1254 0.0552 0.0126 0.011 0.0102 0.0512 0.0438 0.0186 0.066 0.1464 0.028 0.004 0 0 0.14 0.007 0.1672 0.0116 0.069 0 0.0988 0.0648 4e-04 0.0202 0.1462 0.3276 0.575 0.6548 0.0136 0.0074 0.0252 0.0154 0.2198 0.081 0.0102 0.0068 0.0064 0.0114 0.1624 0.0102 0.0058 0.0246
"Bladder" 0 0 0 0 0 0 0 0 0 0 0 0 0 0 0 0 0 0 0 0 0 0 0.0122 0 0 0 0 0 0.043 0.135 0 0 0 0 0 0 0 0.0028 0 0 0 0 0 0 0 0 0 0 0 0 0 0 0
"Brain - Amygdala" 0.0126 0.178 0 0.0072 0 0.3784 0 0 0.8372 0.9344 0.248 0.0452 0.1098 0.2768 0.3608 0.2392 0.578 0.8046 0.2642 0.5018 0.0028 0 0.0022 0 0 0.3374 0 0.0138 0.0028 0.008 0 0.0124 0.0128 0 0.001 0.0034 0 0.0198 0.0074 0.0172 0 0.027 0 0.0042 0.0048 0 0 0 0.0108 0.0656 0 0 0.0044
"Brain - Anterior cingulate cortex (BA24)" 0.0314 0.0076 0 0.011 0.0248 0.0076 0 0.8372 0 0.9634 0.8508 0.0528 0.5206 0.9114 0.7586 0.6858 0.7526 0.536 0.0542 0.4388 0.0038 0 0.0014 0 0 0.0066 0 0.0024 0.014 0.007 0 0.007 0.1784 0 0.002 0.0018 0 0.0276 0.013 0.007 0 0.0116 0.0328 0.0038 0.0048 0 0 0 8e-04 0.124 0 0 0.003
"Brain - Caudate (basal ganglia)" 0.0116 0.168 0 0.0156 0.0096 0.0668 0 0.9344 0.9634 0 0.923 0 0.1162 0.8142 0.8782 0.7524 0.9676 0.9774 0.0904 0.7518 0.0028 0 0.0014 0 0 0.0202 0.027 0.0146 0.008 0.0084 0 0.0286 0.0504 0 0.0016 0.005 0.1912 0.0332 0.0134 0.0116 0 0.0138 0.0056 0.0102 0.0086 0 0 0.002 0.0026 0.2172 0.0174 0.0076 0.0102
"Brain - Cerebellar Hemisphere" 0.0104 0.0134 0 0.0066 0.0034 0.0174 0 0.248 0.8508 0.923 0 0 0.1426 0.8684 0.443 0.5728 0.709 0.6556 0.042 0.6258 0.0038 0 0.0018 0 0 0.0152 0 0.0142 0.0118 0.0054 0 0.0078 0.0242 0 0.0036 0.0078 0 0.0238 0.0494 0.014 0 0.0104 0.0086 0.0272 0.0092 0 0 0.0088 0.0018 0.094 0.0252 0.0066 0.0062
"Brain - Cerebellum" 0 0 0.0064 0.0142 0.0036 0.1254 0 0.0452 0.0528 0 0 0 4e-04 0.0868 0.0436 0 0 0 0.0904 0.1308 0.0048 0 0 0 0 0.0196 0.0076 0 0.006 0.0134 0 0.015 0.0346 6e-04 0.0202 0 0.0046 0 0.0556 0.0058 0 0 0 0 0 0 0 0.0016 0 0 0.0148 0.0562 0
"Brain - Cortex" 0.0398 0.0154 0.2994 0.0216 0.004 0.0552 0 0.1098 0.5206 0.1162 0.1426 4e-04 0 0.6378 0.1264 0.0558 0.1628 0.3622 0.1736 0.6972 0.0018 0 0.001 0 0 0.0106 0.008 6e-04 0.0096 0.007 0 0.0094 0.234 0 0.0602 0.0156 0.3434 0.1386 0.0284 0.0054 0 0.0384 0.0042 0.008 0.0042 0 0 8e-04 4e-04 0.0512 0.0116 0.0016 0.0044
"Brain - Frontal Cortex (BA9)" 0.012 0.014 0 0.0082 0.0046 0.0126 0 0.2768 0.9114 0.8142 0.8684 0.0868 0.6378 0 0.6832 0.821 0.7558 0.661 0.2252 0.5796 0.007 0 0.0018 0 0 0.0126 0.0712 0.0144 0.012 0.0202 0 0.01 0.0094 0 0.0034 0.0066 0.0454 0.0272 0.0124 0.176 0 0.0136 0.0112 0.0126 0.0076 0 0 0.0044 0.0012 0.0244 0.0284 0.0058 0.0042
"Brain - Hippocampus" 0.0166 0.0114 0 0.053 0.003 0.011 0 0.3608 0.7586 0.8782 0.443 0.0436 0.1264 0.6832 0 0.7036 0.4942 0.4656 0.0526 0.7116 0.003 0 0.0018 0 0 0.0122 0 0.0144 0.0042 0.0052 0 0.0646 0.162 0 0.0048 0.0064 0 0.0218 0.0118 0.2018 0 0.0158 0.0098 0.0072 0.0122 0 0 0 0.0018 0.0222 0.0064 0.0014 0.0576
"Brain - Hypothalamus" 0.0106 0.007 0 0.0078 0.0088 0.0102 0 0.2392 0.6858 0.7524 0.5728 0 0.0558 0.821 0.7036 0 0.3222 0.5698 0.245 0.1856 0.0046 0 0.0022 0 0 0.0036 0.0364 0.0154 0.0236 2e-04 0 0.0524 0.1708 0 0.0098 0.005 0.0054 0.1198 0.0272 0.034 0 0.018 6e-04 0.0046 0.0058 0 0 0 0.0032 0.0132 0.017 0 0.0044
"Brain - Nucleus accumbens (basal ganglia)" 0.0076 0.014 0 0.0046 0.0038 0.0512 0 0.578 0.7526 0.9676 0.709 0 0.1628 0.7558 0.4942 0.3222 0 0.966 0.0898 0.4464 0.0028 0 0.003 0 0 0.0018 0.0068 0.0074 0.0046 0.003 0 0.0118 0.1142 0.1098 0.0056 0.0056 0.0734 0.0258 0.228 0.0016 0 0.0124 0.0044 0.0036 0.0036 0 0 0.0092 0.005 0.0706 0.0136 0.0012 0.0084
"Brain - Putamen (basal ganglia)" 0.016 0.0994 0 0.014 0.0424 0.0438 0 0.8046 0.536 0.9774 0.6556 0 0.3622 0.661 0.4656 0.5698 0.966 0 0.4496 0.9506 0.0028 0 0.0016 0 0 0.004 0.0108 0.0176 0.0102 0.0256 0 0.0454 0.029 0 0.004 0.0508 0.0236 0.0394 0.1422 0.2856 0 0.0234 0.0086 0.015 0.0044 0 0 0.0046 0.0022 0.47 0.0128 8e-04 0.0084
"Brain - Spinal cord (cervical c-1)" 0.0088 0.0112 0 0.0784 0.0014 0.0186 0 0.2642 0.0542 0.0904 0.042 0.0904 0.1736 0.2252 0.0526 0.245 0.0898 0.4496 0 0.5148 0.0138 0 0.0016 0 0 0.0688 0 0 0.0028 0.0032 0 0.0894 0.1204 0 0.0032 0.0032 0 0.1052 0.2376 0 0 0.0096 0.0288 0.0128 0.0072 0 0 0 0.0016 0.6084 0 0 0.0028
"Brain - Substantia nigra" 0.0044 0.0744 0 0.0054 0.0092 0.066 0 0.5018 0.4388 0.7518 0.6258 0.1308 0.6972 0.5796 0.7116 0.1856 0.4464 0.9506 0.5148 0 0.0026 0 0.002 0 0 0.0668 0 0 0.0042 0.0252 0 0.0708 0.0994 0 0.0036 0.3194 0 0.1372 0.1648 0.0058 0 0.0108 0 0.0162 0.0076 0 0 0 2e-04 0.3454 0 0 0.0068
"Breast - Mammary Tissue" 0.307 0.2788 0.144 0.1132 0.0848 0.1464 0 0.0028 0.0038 0.0028 0.0038 0.0048 0.0018 0.007 0.003 0.0046 0.0028 0.0028 0.0138 0.0026 0 0.0024 0.006 0 0 0.2484 0.0132 0.197 0.0338 0.1586 0 0.2574 0.0418 0 0.0146 0.2064 0.0566 0.168 0.2284 0.0244 0.0096 0.0118 0.0496 0.2174 0.0516 0.0092 0.0718 0.0118 0.02 0.1682 0.101 0.0126 0.037
"Cells - EBV-transformed lymphocytes" 0.0022 0.0014 0.0024 0.0034 0.0022 0.028 0 0 0 0 0 0 0 0 0 0 0 0 0 0 0.0024 0 0.0072 0 0 0.0028 0.0024 0.0042 0.0024 0.0038 0 0.0022 0.0022 0 0 0.0054 0.0562 0.0026 0.0044 0.003 0.0028 0 4e-04 0.0024 0.006 0.0032 0.0028 0.0028 0.0022 0.006 2e-04 0.001 0.0256
"Cells - Transformed fibroblasts" 0.0032 0.0038 0.021 0.2076 0.0048 0.004 0.0122 0.0022 0.0014 0.0014 0.0018 0 0.001 0.0018 0.0018 0.0022 0.003 0.0016 0.0016 0.002 0.006 0.0072 0 0 0 0.0062 0.0098 0.053 0.009 0.029 0 0.0022 0.0026 0.01 0.007 0.0032 0.0018 0.0026 0.0034 0.0034 0.007 0.0022 6e-04 0.0042 0.0034 0.0042 0.019 0.0088 0.1026 0.0036 0.0102 0.0058 0.0026
"Cervix - Ectocervix" 0 0 0 0 0 0 0 0 0 0 0 0 0 0 0 0 0 0 0 0 0 0 0 0 0 0 0 0 0 0 0 0 0 0 0 0 0 0 0 0 0 0 0 0 0 0 0 0 0 0 0 0 0
"Cervix - Endocervix" 0 0 0 0 0 0 0 0 0 0 0 0 0 0 0 0 0 0 0 0 0 0 0 0 0 0 0 0 0 0 0 0 0 0 0 0 0 0 0 0 0 0 0 0 0 0 0 0 0 0 0 0 0
"Colon - Sigmoid" 0.1302 0.2532 0.0498 0.1368 0.0508 0.14 0 0.3374 0.0066 0.0202 0.0152 0.0196 0.0106 0.0126 0.0122 0.0036 0.0018 0.004 0.0688 0.0668 0.2484 0.0028 0.0062 0 0 0 0.3214 0.3634 0.1646 0.6516 0 0.2628 0.3164 0.0496 0.038 0.1084 0.5224 0.1164 0.2622 0.2898 0.0276 0.0258 0.2772 0.0906 0.0342 0.0444 0.1618 0.0958 0.0884 0.3528 0.107 0.0332 0.0522
"Colon - Transverse" 0.009 0.0488 0.2072 0.2078 0.1456 0.007 0 0 0 0.027 0 0.0076 0.008 0.0712 0 0.0364 0.0068 0.0108 0 0 0.0132 0.0024 0.0098 0 0 0.3214 0 0.0494 0.469 0.2946 0 0.0224 0.013 0.034 0.2364 0.0914 0.0778 0.0096 0.025 0.2156 0.0656 0.008 0.1528 0.0126 0.0268 0.072 0.0334 0.09 0.1448 0.0924 0.2066 0.1312 0.0028
"Esophagus - Gastroesophageal Junction" 0.1344 0.1946 0.1942 0.5466 0.1566 0.1672 0 0.0138 0.0024 0.0146 0.0142 0 6e-04 0.0144 0.0144 0.0154 0.0074 0.0176 0 0 0.197 0.0042 0.053 0 0 0.3634 0.0494 0 0.2718 0.9486 0 0.0788 0.2808 0.425 0.063 0.3508 0.0064 0.271 0.1376 0.2958 0.084 0.0144 0.1208 0.0496 0.0438 0.0078 0.0104 0.1756 0.0644 0.2744 0.2588 0.0726 0.0936
"Esophagus - Mucosa" 0.0238 0.116 0.2538 0.4388 0.291 0.0116 0.043 0.0028 0.014 0.008 0.0118 0.006 0.0096 0.012 0.0042 0.0236 0.0046 0.0102 0.0028 0.0042 0.0338 0.0024 0.009 0 0 0.1646 0.469 0.2718 0 0.505 0 0.0852 0.108 0.0314 0.2428 0.1188 0.4462 0.02 0.0282 0.498 0.2232 0.0096 0.4166 0.0256 0.015 0.0288 0.1746 0.0408 0.44 0.0762 0.3004 0.2152 0.0318
"Esophagus - Muscularis" 0.0774 0.1606 0.3862 0.7298 0.2076 0.069 0.135 0.008 0.007 0.0084 0.0054 0.0134 0.007 0.0202 0.0052 2e-04 0.003 0.0256 0.0032 0.0252 0.1586 0.0038 0.029 0 0 0.6516 0.2946 0.9486 0.505 0 0 0.4606 0.2398 0.0152 0.1462 0.114 0.0188 0.0678 0.0466 0.3684 0.2662 0.0742 0.2886 0.1414 0.032 0.0148 0.0914 0.1554 0.3684 0.1154 0.3332 0.1532 0.0424
"Fallopian Tube" 0 0 0 0 0 0 0 0 0 0 0 0 0 0 0 0 0 0 0 0 0 0 0 0 0 0 0 0 0 0 0 0 0 0 0 0 0 0 0 0 0 0 0 0 0 0 0 0 0 0 0 0 0
"Heart - Atrial Appendage" 0.2008 0.3898 0.1642 0.1814 0.2814 0.0988 0 0.0124 0.007 0.0286 0.0078 0.015 0.0094 0.01 0.0646 0.0524 0.0118 0.0454 0.0894 0.0708 0.2574 0.0022 0.0022 0 0 0.2628 0.0224 0.0788 0.0852 0.4606 0 0 0.8794 0.0116 0.0394 0.3324 0.0136 0.2886 0.2266 0.1636 0.0144 0.0288 0.0954 0.0788 0.089 0.0096 0.0204 0.0274 0.0208 0.308 0.0866 0.0218 0.0704
"Heart - Left Ventricle" 0.0796 0.3672 0.1266 0.151 0.0414 0.0648 0 0.0128 0.1784 0.0504 0.0242 0.0346 0.234 0.0094 0.162 0.1708 0.1142 0.029 0.1204 0.0994 0.0418 0.0022 0.0026 0 0 0.3164 0.013 0.2808 0.108 0.2398 0 0.8794 0 0.0208 0.3054 0.463 0.032 0.3256 0.1726 0.04 0.0136 0.0412 0.039 0.141 0.039 0.005 0.0292 0.0098 0.0336 0.2394 0.0626 0.0502 0.1894
"Kidney - Cortex" 0.0972 0.1502 0.333 0.0238 0.113 4e-04 0 0 0 0 0 6e-04 0 0 0 0 0.1098 0 0 0 0 0 0.01 0 0 0.0496 0.034 0.425 0.0314 0.0152 0 0.0116 0.0208 0 0.0564 0.1002 0 0.0158 0.0388 0 0.004 0.0552 0 0.0038 0.0112 0 0.454 0.0734 0.0032 0.2526 0 0 0.0018
"Liver" 0.034 0.1506 0.4396 0.4574 0.3312 0.0202 0 0.001 0.002 0.0016 0.0036 0.0202 0.0602 0.0034 0.0048 0.0098 0.0056 0.004 0.0032 0.0036 0.0146 0 0.007 0 0 0.038 0.2364 0.063 0.2428 0.1462 0 0.0394 0.3054 0.0564 0 0.1584 0.412 0.1474 0.0952 0.0252 0.0086 0.0136 0.2554 0.011 0.0102 0.0456 0.2514 0.0944 0.0984 0.0696 0.0294 0.232 0.0834
"Lung" 0.0592 0.2276 0.0966 0.18 0.3276 0.1462 0 0.0034 0.0018 0.005 0.0078 0 0.0156 0.0066 0.0064 0.005 0.0056 0.0508 0.0032 0.3194 0.2064 0.0054 0.0032 0 0 0.1084 0.0914 0.3508 0.1188 0.114 0 0.3324 0.463 0.1002 0.1584 0 0.2962 0.1718 0.3458 0.0228 0.0172 0.0084 0.166 0.1558 0.0518 0.0196 0.25 0.0442 0.0288 0.598 0.0176 0.014 0.1556
"Minor Salivary Gland" 0.3204 0.0596 0.237 0.0084 0.005 0.3276 0 0 0 0.1912 0 0.0046 0.3434 0.0454 0 0.0054 0.0734 0.0236 0 0 0.0566 0.0562 0.0018 0 0 0.5224 0.0778 0.0064 0.4462 0.0188 0 0.0136 0.032 0 0.412 0.2962 0 0.055 0.117 0.04 0.0022 0.1388 0.1132 0.023 0.0112 0.0034 0.0058 0.0048 0.1176 0.1 0 0.0014 0.003
"Muscle - Skeletal" 0.2496 0.1454 0.0054 0.0326 0.0222 0.575 0.0028 0.0198 0.0276 0.0332 0.0238 0 0.1386 0.0272 0.0218 0.1198 0.0258 0.0394 0.1052 0.1372 0.168 0.0026 0.0026 0 0 0.1164 0.0096 0.271 0.02 0.0678 0 0.2886 0.3256 0.0158 0.1474 0.1718 0.055 0 0.5024 0.0136 0.007 0.0626 0.0156 0.063 0.1062 0.0028 0.011 0.0056 0.0338 0.1614 0.024 0.0068 0.0632
"Nerve - Tibial" 0.5304 0.2122 0.005 0.094 0.2108 0.6548 0 0.0074 0.013 0.0134 0.0494 0.0556 0.0284 0.0124 0.0118 0.0272 0.228 0.1422 0.2376 0.1648 0.2284 0.0044 0.0034 0 0 0.2622 0.025 0.1376 0.0282 0.0466 0 0.2266 0.1726 0.0388 0.0952 0.3458 0.117 0.5024 0 0.0142 0.0214 0.028 0.0112 0.2002 0.1838 0.0204 0.0278 0.009 0.0168 0.2832 0.022 0.0426 0.0546
"Ovary" 0.047 0.0956 0.0678 0.4222 0.113 0.0136 0 0.0172 0.007 0.0116 0.014 0.0058 0.0054 0.176 0.2018 0.034 0.0016 0.2856 0 0.0058 0.0244 0.003 0.0034 0 0 0.2898 0.2156 0.2958 0.498 0.3684 0 0.1636 0.04 0 0.0252 0.0228 0.04 0.0136 0.0142 0 0.0148 0.0396 0 0.0468 0.0266 0.0344 0.012 0.306 0 0.0246 0.4608 0.2468 0.0192
"Pancreas" 0.01 0.0752 0.1644 0.3552 0.0206 0.0074 0 0 0 0 0 0 0 0 0 0 0 0 0 0 0.0096 0.0028 0.007 0 0 0.0276 0.0656 0.084 0.2232 0.2662 0 0.0144 0.0136 0.004 0.0086 0.0172 0.0022 0.007 0.0214 0.0148 0 0 0.0634 0.007 0.0032 0.0294 0.2218 0.4298 0.6508 0.0612 0.0402 0.004 0.0046
"Pituitary" 0.0256 0.0612 0 0.089 0.0032 0.0252 0 0.027 0.0116 0.0138 0.0104 0 0.0384 0.0136 0.0158 0.018 0.0124 0.0234 0.0096 0.0108 0.0118 0 0.0022 0 0 0.0258 0.008 0.0144 0.0096 0.0742 0 0.0288 0.0412 0.0552 0.0136 0.0084 0.1388 0.0626 0.028 0.0396 0 0 0.1142 0.0136 0.011 0 0 0.0048 0.0184 0.1024 0.38 0.0294 0.0074
"Prostate" 0.009 0.0168 0.3876 0.3282 0.0378 0.0154 0 0 0.0328 0.0056 0.0086 0 0.0042 0.0112 0.0098 6e-04 0.0044 0.0086 0.0288 0 0.0496 4e-04 6e-04 0 0 0.2772 0.1528 0.1208 0.4166 0.2886 0 0.0954 0.039 0 0.2554 0.166 0.1132 0.0156 0.0112 0 0.0634 0.1142 0 0.0074 0.0058 0.0114 0.0576 0.0152 0.2082 0.1932 0 0 0.0032
"Skin - Not Sun Exposed (Suprapubic)" 0.113 0.142 0.0056 0.0602 0.0638 0.2198 0 0.0042 0.0038 0.0102 0.0272 0 0.008 0.0126 0.0072 0.0046 0.0036 0.015 0.0128 0.0162 0.2174 0.0024 0.0042 0 0 0.0906 0.0126 0.0496 0.0256 0.1414 0 0.0788 0.141 0.0038 0.011 0.1558 0.023 0.063 0.2002 0.0468 0.007 0.0136 0.0074 0 0.3996 0.0028 0.008 0.0068 0.0108 0.2108 0.0088 0.0054 0.0418
"Skin - Sun Exposed (Lower leg)" 0.2504 0.0858 0.0034 0.022 0.015 0.081 0 0.0048 0.0048 0.0086 0.0092 0 0.0042 0.0076 0.0122 0.0058 0.0036 0.0044 0.0072 0.0076 0.0516 0.006 0.0034 0 0 0.0342 0.0268 0.0438 0.015 0.032 0 0.089 0.039 0.0112 0.0102 0.0518 0.0112 0.1062 0.1838 0.0266 0.0032 0.011 0.0058 0.3996 0 0.0058 0.0078 0.0074 0.009 0.032 0.009 0.0198 0.022
"Small Intestine - Terminal Ileum" 0.0078 0.0084 0.0032 0.0628 0.0056 0.0102 0 0 0 0 0 0 0 0 0 0 0 0 0 0 0.0092 0.0032 0.0042 0 0 0.0444 0.072 0.0078 0.0288 0.0148 0 0.0096 0.005 0 0.0456 0.0196 0.0034 0.0028 0.0204 0.0344 0.0294 0 0.0114 0.0028 0.0058 0 0.0226 0.0146 0.002 0.0512 0.0852 0.0866 0.0044
"Spleen" 0.0136 0.0524 0.132 0.0704 0.0186 0.0068 0 0 0 0 0 0 0 0 0 0 0 0 0 0 0.0718 0.0028 0.019 0 0 0.1618 0.0334 0.0104 0.1746 0.0914 0 0.0204 0.0292 0.454 0.2514 0.25 0.0058 0.011 0.0278 0.012 0.2218 0 0.0576 0.008 0.0078 0.0226 0 0.0314 0.023 0.1878 0.0564 0.007 0.058
"Stomach" 0.01 0.0256 0.1134 0.5156 0.0254 0.0064 0 0 0 0.002 0.0088 0.0016 8e-04 0.0044 0 0 0.0092 0.0046 0 0 0.0118 0.0028 0.0088 0 0 0.0958 0.09 0.1756 0.0408 0.1554 0 0.0274 0.0098 0.0734 0.0944 0.0442 0.0048 0.0056 0.009 0.306 0.4298 0.0048 0.0152 0.0068 0.0074 0.0146 0.0314 0 0.0076 0.0086 0.0754 0.0584 0.0028
"Testis" 0.0094 0.0084 0.422 0.317 0.2628 0.0114 0 0.0108 8e-04 0.0026 0.0018 0 4e-04 0.0012 0.0018 0.0032 0.005 0.0022 0.0016 2e-04 0.02 0.0022 0.1026 0 0 0.0884 0.1448 0.0644 0.44 0.3684 0 0.0208 0.0336 0.0032 0.0984 0.0288 0.1176 0.0338 0.0168 0 0.6508 0.0184 0.2082 0.0108 0.009 0.002 0.023 0.0076 0 0.0312 0 0 0.0064
"Thyroid" 0.1622 0.31 0.0648 0.28 0.064 0.1624 0 0.0656 0.124 0.2172 0.094 0 0.0512 0.0244 0.0222 0.0132 0.0706 0.47 0.6084 0.3454 0.1682 0.006 0.0036 0 0 0.3528 0.0924 0.2744 0.0762 0.1154 0 0.308 0.2394 0.2526 0.0696 0.598 0.1 0.1614 0.2832 0.0246 0.0612 0.1024 0.1932 0.2108 0.032 0.0512 0.1878 0.0086 0.0312 0 0.1612 0.0286 0.075
"Uterus" 0.032 0.5228 0.219 0.2786 0.1812 0.0102 0 0 0 0.0174 0.0252 0.0148 0.0116 0.0284 0.0064 0.017 0.0136 0.0128 0 0 0.101 2e-04 0.0102 0 0 0.107 0.2066 0.2588 0.3004 0.3332 0 0.0866 0.0626 0 0.0294 0.0176 0 0.024 0.022 0.4608 0.0402 0.38 0 0.0088 0.009 0.0852 0.0564 0.0754 0 0.1612 0 0.2342 0.044
"Vagina" 0.0116 0.0206 0.1168 0.1748 0.0458 0.0058 0 0 0 0.0076 0.0066 0.0562 0.0016 0.0058 0.0014 0 0.0012 8e-04 0 0 0.0126 0.001 0.0058 0 0 0.0332 0.1312 0.0726 0.2152 0.1532 0 0.0218 0.0502 0 0.232 0.014 0.0014 0.0068 0.0426 0.2468 0.004 0.0294 0 0.0054 0.0198 0.0866 0.007 0.0584 0 0.0286 0.2342 0 0.0052
"Whole Blood" 0.043 0.0844 0.0142 0.064 0.0296 0.0246 0 0.0044 0.003 0.0102 0.0062 0 0.0044 0.0042 0.0576 0.0044 0.0084 0.0084 0.0028 0.0068 0.037 0.0256 0.0026 0 0 0.0522 0.0028 0.0936 0.0318 0.0424 0 0.0704 0.1894 0.0018 0.0834 0.1556 0.003 0.0632 0.0546 0.0192 0.0046 0.0074 0.0032 0.0418 0.022 0.0044 0.058 0.0028 0.0064 0.075 0.044 0.0052 0
